   0.0000000000000000        0.0000000000000000        0.0000000000000000     
  0.10000000000000001        1.1185434334664173       0.42979053806167561     
  0.20000000000000001        1.2350215407588374       0.71164033379056946     
  0.30000000000000004       0.10428912235168721       0.88374205542342466     
  0.40000000000000002       -1.0289364263867442       0.97552402175970487     
  0.50000000000000000       -1.4050314408715676        1.0095357199996295     
  0.60000000000000009      -0.10784904368760058        1.0029439084360818     
  0.70000000000000007        1.1694128399301358       0.96871749568618681     
  0.80000000000000004        1.0327840611191341       0.91656400824979900     
  0.90000000000000002        5.6239543942235196E-002  0.85366805616183861     
   1.0000000000000000      -0.66443651610947063       0.78527221290057503     
   1.1000000000000001      -0.70749218848703721       0.71513267887171850     
   1.2000000000000002      -0.30290587029700977       0.64587562362396012     
   1.3000000000000000       0.14745066295474057       0.57927489748126870     
   1.4000000000000001       0.39171698079252798       0.51646762322419060     
   1.5000000000000000       0.38745304434310174       0.45812082435824486     
   1.6000000000000001       0.22161895188176484       0.40455955788203446     
   1.7000000000000002        1.2599024844595710E-002  0.35586486659813726     
   1.8000000000000000      -0.15080213973225851       0.31194814412063276     
   1.9000000000000001      -0.22852285137072786       0.27260713024445954     
   2.0000000000000000      -0.22187403302637126       0.23756765702143201     
   2.1000000000000001      -0.15616563417937776       0.20651439172926875     
   2.2000000000000002       -6.4050592676982585E-002  0.17911312761142539     
   2.3000000000000003        2.5802388867350642E-002  0.15502662113746243     
   2.4000000000000004        9.4151217772312459E-002  0.13392553689695599     
   2.5000000000000000       0.13210468463090622       0.11549571503949183     
   2.6000000000000001       0.13937089387245236        9.9442702898570448E-002
   2.7000000000000002       0.12140872428094684        8.5494277240935015E-002
   2.8000000000000003        8.6549907540521318E-002   7.3401514568120912E-002
   2.9000000000000004        4.3665713823585015E-002   6.2938834541833924E-002
   3.0000000000000000        5.8243918659312693E-004   5.3903338296714814E-002
   3.1000000000000001       -3.6780334055455152E-002   4.6113683065162385E-002
   3.2000000000000002       -6.4690059599379207E-002   3.9408672322919239E-002
   3.3000000000000003       -8.1477657937888304E-002   3.3645692712605271E-002
   3.4000000000000004       -8.7177182151607691E-002   2.8699092248175594E-002
   3.5000000000000000       -8.3063282980871844E-002   2.4458566312462564E-002
   3.6000000000000001       -7.1182216725854480E-002   2.0827596804745580E-002
   3.7000000000000002       -5.3936060385991302E-002   1.7721973951870165E-002
   3.8000000000000003       -3.3750593917982762E-002   1.5068418563048745E-002
   3.9000000000000004       -1.2836058372622382E-002   1.2803313939682377E-002
   4.0000000000000000        6.9639024252237149E-003   1.0871550505595630E-002
   4.1000000000000005        2.4247717069036136E-002   9.2254819198121837E-003
   4.2000000000000002        3.8071837857267421E-002   7.8239885211865163E-003
   4.2999999999999998        4.7923661661930052E-002   6.6316420806971305E-003
   4.4000000000000004        5.3666494783627922E-002   5.6179647315382462E-003
   4.5000000000000000        5.5469248929109247E-002   4.7567744005093966E-003
   4.6000000000000005        5.3730820692367495E-002   4.0256089169216549E-003
   4.7000000000000002        4.9006426006308543E-002   3.4052211060414295E-003
   4.8000000000000007        4.1940766749037364E-002   2.8791374916200905E-003
   4.9000000000000004        3.3210910557631937E-002   2.4332736681621256E-003
   5.0000000000000000        2.3480196805422023E-002   2.0555999080438632E-003
   5.1000000000000005        1.3363320809584550E-002   1.7358511049632309E-003
   5.2000000000000002        3.4019458668657215E-003   1.4652756975509845E-003
   5.3000000000000007       -5.9503122898553924E-003   1.2364187473598064E-003
   5.4000000000000004       -1.4334954403436125E-002   1.0429348519219730E-003
   5.5000000000000000       -2.1489240089340268E-002   8.7942704864928264E-004
   5.6000000000000005       -2.7241893177037679E-002   7.4130830484397600E-004
   5.7000000000000002       -3.1505246133411366E-002   6.2468259117329119E-004
   5.8000000000000007       -3.4265037278688182E-002   5.2624290049285770E-004
   5.9000000000000004       -3.5568888484989673E-002   4.4318390190048717E-004
   6.0000000000000000       -3.5514299966144691E-002   3.7312721314076248E-004
   6.1000000000000005       -3.4236815369267398E-002   3.1405753521055292E-004
   6.2000000000000002       -3.1898842789239323E-002   2.6426812374024842E-004
   6.3000000000000007       -2.8679470117431317E-002   2.2231427505028895E-004
   6.4000000000000004       -2.4765488243849321E-002   1.8697368330453605E-004
   6.5000000000000000       -2.0343733128628739E-002   1.5721268141604745E-004
   6.6000000000000005       -1.5594776464951800E-002   1.3215751469070855E-004
   6.7000000000000002       -1.0687932619874458E-002   1.1106991484340758E-004
   6.8000000000000007       -5.7775043995841845E-003   9.3326345037771270E-005
   6.9000000000000004       -1.0001594295216097E-003   7.8400375850430661E-005
   7.0000000000000000        3.5266899127825262E-003   6.5847729231535801E-005
   7.1000000000000005        7.7056393521578170E-003   5.5293594138938535E-005
   7.2000000000000002        1.1459316508125848E-002   4.6421874914885171E-005
   7.3000000000000007        1.4729809968490264E-002   3.8966082849978816E-005
   7.4000000000000004        1.7477630143534973E-002   3.2701623798636929E-005
   7.5000000000000000        1.9680317838519281E-002   2.7439271105242560E-005
   7.6000000000000005        2.1330804277018080E-002   2.3019644287875527E-005
   7.7000000000000002        2.2435613312353282E-002   1.9308540621285540E-005
   7.8000000000000007        2.3012983437521305E-002   1.6192989585345319E-005
   7.9000000000000004        2.3090974437610139E-002   1.3577919641057973E-005
   8.0000000000000000        2.2705611473962502E-002   1.1383343432999368E-005
   8.0999999999999996        2.1899108282126982E-002   9.5419817014902007E-006
   8.2000000000000011        2.0718201148454442E-002   7.9972582711648034E-006
   8.3000000000000007        1.9212616472090504E-002   6.7016087679868447E-006
   8.4000000000000004        1.7433687032671376E-002   5.6150544651293844E-006
   8.5000000000000000        1.5433125540051947E-002   4.7040000938907064E-006
   8.5999999999999996        1.3261958581409002E-002   3.9402207716392160E-006
   8.7000000000000011        1.0969619623861178E-002   3.3000085599185962E-006
   8.8000000000000007        8.6031961855382727E-003   2.7634537138296209E-006
   8.9000000000000004        6.2068235570489697E-003   2.3138395397372394E-006
   9.0000000000000000        3.8212154394407574E-003   1.9371330457284076E-006
   9.0999999999999996        1.4833204667588085E-003   1.6215563364413551E-006
   9.2000000000000011       -7.7390729105992345E-004   1.3572260462872411E-006
   9.3000000000000007       -2.9216361824746032E-003   1.1358500869444474E-006
   9.4000000000000004       -4.9351955960877589E-003   9.5047266104279907E-007
   9.5000000000000000       -6.7940375436623610E-003   7.9525991073479238E-007
   9.6000000000000014       -8.4816329554071174E-003   6.6531976696662270E-007
   9.7000000000000011       -9.9853138245900169E-003   5.5655057635942897E-007
   9.8000000000000007       -1.1296071601054031E-002   4.6551393626090936E-007
   9.9000000000000004       -1.2408321412661356E-002   3.8932788897554936E-007
   10.000000000000000       -1.3319640824119426E-002   3.2557723399198962E-007
