#   R   (LS,N)= ( 0, 0)      ( 1, 0)      ( 2, 0)      ( 0, 1)      ( 1, 1)      ( 2, 1)      ( 0, 2)      ( 1, 2)      ( 2, 2)
   0.000      0.00000E+00  0.00000E+00  0.00000E+00  0.00000E+00  0.00000E+00  0.00000E+00  0.00000E+00  0.00000E+00  0.00000E+00
   0.100      5.46668E-03  4.90173E-05  3.40448E-07  6.69475E-03  7.74995E-05  6.36899E-07  7.48436E-03  1.02517E-04  9.55315E-07
   0.200      1.09314E-02  1.96034E-04  2.72309E-06  1.33839E-02  3.09897E-04  5.09374E-06  1.49588E-02  4.09876E-04  7.63956E-06
   0.300      1.63921E-02  4.40943E-04  9.18767E-06  2.00617E-02  6.96890E-04  1.71832E-05  2.24134E-02  9.21498E-04  2.57669E-05
   0.400      2.18470E-02  7.83568E-04  2.17690E-05  2.67225E-02  1.23797E-03  4.07036E-05  2.98382E-02  1.63642E-03  6.10218E-05
   0.500      2.72939E-02  1.22366E-03  4.24945E-05  3.33608E-02  1.93245E-03  7.94315E-05  3.72235E-02  2.55330E-03  1.19045E-04
   0.600      3.27309E-02  1.76090E-03  7.33818E-05  3.99710E-02  2.77940E-03  1.37115E-04  4.45595E-02  3.67041E-03  2.05417E-04
   0.700      3.81562E-02  2.39491E-03  1.16436E-04  4.65475E-02  3.77773E-03  2.17465E-04  5.18363E-02  4.98565E-03  3.25646E-04
   0.800      4.35676E-02  3.12521E-03  1.73649E-04  5.30847E-02  4.92614E-03  3.24150E-04  5.90444E-02  6.49654E-03  4.85153E-04
   0.900      4.89634E-02  3.95130E-03  2.46993E-04  5.95771E-02  6.22314E-03  4.60791E-04  6.61743E-02  8.20023E-03  6.89256E-04
   1.000      5.43414E-02  4.87256E-03  3.38422E-04  6.60193E-02  7.66703E-03  6.30948E-04  7.32165E-02  1.00935E-02  9.43159E-04
   1.100      5.96999E-02  5.88834E-03  4.49870E-04  7.24059E-02  9.25593E-03  8.38120E-04  8.01616E-02  1.21729E-02  1.25193E-03
   1.200      6.50369E-02  6.99789E-03  5.83244E-04  7.87315E-02  1.09878E-02  1.08574E-03  8.70006E-02  1.44343E-02  1.62051E-03
   1.300      7.03506E-02  8.20043E-03  7.40426E-04  8.49908E-02  1.28603E-02  1.37714E-03  9.37243E-02  1.68736E-02  2.05367E-03
   1.400      7.56389E-02  9.49509E-03  9.23270E-04  9.11785E-02  1.48711E-02  1.71562E-03  1.00324E-01  1.94861E-02  2.55602E-03
   1.500      8.09001E-02  1.08809E-02  1.13360E-03  9.72896E-02  1.70175E-02  2.10433E-03  1.06791E-01  2.22670E-02  3.13197E-03
   1.600      8.61323E-02  1.23570E-02  1.37320E-03  1.03319E-01  1.92968E-02  2.54636E-03  1.13116E-01  2.52109E-02  3.78578E-03
   1.700      9.13336E-02  1.39221E-02  1.64383E-03  1.09261E-01  2.17059E-02  3.04469E-03  1.19292E-01  2.83123E-02  4.52146E-03
   1.800      9.65023E-02  1.55753E-02  1.94720E-03  1.15112E-01  2.42418E-02  3.60221E-03  1.25311E-01  3.15654E-02  5.34283E-03
   1.900      1.01637E-01  1.73153E-02  2.28499E-03  1.20866E-01  2.69011E-02  4.22165E-03  1.31163E-01  3.49639E-02  6.25349E-03
   2.000      1.06735E-01  1.91408E-02  2.65884E-03  1.26519E-01  2.96803E-02  4.90568E-03  1.36843E-01  3.85015E-02  7.25678E-03
   2.100      1.11795E-01  2.10507E-02  3.07034E-03  1.32065E-01  3.25759E-02  5.65680E-03  1.42341E-01  4.21715E-02  8.35582E-03
   2.200      1.16815E-01  2.30434E-02  3.52104E-03  1.37501E-01  3.55841E-02  6.47740E-03  1.47652E-01  4.59668E-02  9.55346E-03
   2.300      1.21794E-01  2.51176E-02  4.01243E-03  1.42822E-01  3.87010E-02  7.36975E-03  1.52768E-01  4.98803E-02  1.08523E-02
   2.400      1.26729E-01  2.72718E-02  4.54598E-03  1.48023E-01  4.19224E-02  8.33595E-03  1.57682E-01  5.39046E-02  1.22546E-02
   2.500      1.31620E-01  2.95045E-02  5.12307E-03  1.53101E-01  4.52442E-02  9.37798E-03  1.62389E-01  5.80319E-02  1.37625E-02
   2.600      1.36465E-01  3.18141E-02  5.74506E-03  1.58051E-01  4.86622E-02  1.04977E-02  1.66881E-01  6.22545E-02  1.53778E-02
   2.700      1.41261E-01  3.41989E-02  6.41325E-03  1.62869E-01  5.21717E-02  1.16967E-02  1.71154E-01  6.65643E-02  1.71018E-02
   2.800      1.46008E-01  3.66573E-02  7.12887E-03  1.67551E-01  5.57683E-02  1.29766E-02  1.75202E-01  7.09530E-02  1.89358E-02
   2.900      1.50704E-01  3.91875E-02  7.89310E-03  1.72094E-01  5.94472E-02  1.43387E-02  1.79019E-01  7.54123E-02  2.08807E-02
   3.000      1.55347E-01  4.17878E-02  8.70708E-03  1.76493E-01  6.32037E-02  1.57843E-02  1.82601E-01  7.99336E-02  2.29370E-02
   3.100      1.59936E-01  4.44563E-02  9.57186E-03  1.80746E-01  6.70329E-02  1.73143E-02  1.85944E-01  8.45083E-02  2.51050E-02
   3.200      1.64469E-01  4.71911E-02  1.04884E-02  1.84849E-01  7.09298E-02  1.89297E-02  1.89042E-01  8.91275E-02  2.73846E-02
   3.300      1.68945E-01  4.99903E-02  1.14578E-02  1.88798E-01  7.48893E-02  2.06312E-02  1.91892E-01  9.37823E-02  2.97755E-02
   3.400      1.73363E-01  5.28519E-02  1.24808E-02  1.92591E-01  7.89062E-02  2.24193E-02  1.94491E-01  9.84639E-02  3.22771E-02
   3.500      1.77721E-01  5.57740E-02  1.35582E-02  1.96225E-01  8.29752E-02  2.42944E-02  1.96835E-01  1.03163E-01  3.48884E-02
   3.600      1.82018E-01  5.87546E-02  1.46908E-02  1.99697E-01  8.70912E-02  2.62567E-02  1.98921E-01  1.07871E-01  3.76079E-02
   3.700      1.86252E-01  6.17914E-02  1.58793E-02  2.03004E-01  9.12487E-02  2.83061E-02  2.00748E-01  1.12578E-01  4.04343E-02
   3.800      1.90423E-01  6.48826E-02  1.71243E-02  2.06143E-01  9.54423E-02  3.04427E-02  2.02312E-01  1.17275E-01  4.33655E-02
   3.900      1.94528E-01  6.80258E-02  1.84264E-02  2.09113E-01  9.96664E-02  3.26659E-02  2.03612E-01  1.21954E-01  4.63993E-02
   4.000      1.98568E-01  7.12189E-02  1.97860E-02  2.11911E-01  1.03916E-01  3.49754E-02  2.04646E-01  1.26604E-01  4.95333E-02
   4.100      2.02541E-01  7.44598E-02  2.12035E-02  2.14535E-01  1.08184E-01  3.73705E-02  2.05414E-01  1.31217E-01  5.27645E-02
   4.200      2.06445E-01  7.77462E-02  2.26793E-02  2.16983E-01  1.12467E-01  3.98502E-02  2.05914E-01  1.35783E-01  5.60898E-02
   4.300      2.10280E-01  8.10759E-02  2.42137E-02  2.19254E-01  1.16758E-01  4.24137E-02  2.06147E-01  1.40294E-01  5.95059E-02
   4.400      2.14044E-01  8.44465E-02  2.58069E-02  2.21345E-01  1.21052E-01  4.50596E-02  2.06111E-01  1.44741E-01  6.30090E-02
   4.500      2.17737E-01  8.78559E-02  2.74590E-02  2.23256E-01  1.25343E-01  4.77867E-02  2.05808E-01  1.49114E-01  6.65952E-02
   4.600      2.21358E-01  9.13016E-02  2.91701E-02  2.24985E-01  1.29625E-01  5.05933E-02  2.05238E-01  1.53406E-01  7.02601E-02
   4.700      2.24905E-01  9.47814E-02  3.09402E-02  2.26531E-01  1.33893E-01  5.34779E-02  2.04402E-01  1.57606E-01  7.39993E-02
   4.800      2.28378E-01  9.82928E-02  3.27691E-02  2.27893E-01  1.38141E-01  5.64385E-02  2.03302E-01  1.61707E-01  7.78080E-02
   4.900      2.31776E-01  1.01834E-01  3.46568E-02  2.29070E-01  1.42364E-01  5.94730E-02  2.01938E-01  1.65701E-01  8.16812E-02
   5.000      2.35099E-01  1.05401E-01  3.66031E-02  2.30062E-01  1.46556E-01  6.25793E-02  2.00314E-01  1.69578E-01  8.56136E-02
   5.100      2.38345E-01  1.08994E-01  3.86077E-02  2.30868E-01  1.50711E-01  6.57551E-02  1.98432E-01  1.73332E-01  8.95996E-02
   5.200      2.41514E-01  1.12608E-01  4.06702E-02  2.31487E-01  1.54825E-01  6.89978E-02  1.96293E-01  1.76953E-01  9.36336E-02
   5.300      2.44605E-01  1.16243E-01  4.27902E-02  2.31921E-01  1.58891E-01  7.23048E-02  1.93903E-01  1.80435E-01  9.77097E-02
   5.400      2.47617E-01  1.19895E-01  4.49672E-02  2.32168E-01  1.62904E-01  7.56732E-02  1.91262E-01  1.83770E-01  1.01822E-01
   5.500      2.50550E-01  1.23562E-01  4.72006E-02  2.32229E-01  1.66859E-01  7.91002E-02  1.88377E-01  1.86951E-01  1.05963E-01
   5.600      2.53404E-01  1.27241E-01  4.94899E-02  2.32105E-01  1.70751E-01  8.25825E-02  1.85249E-01  1.89970E-01  1.10128E-01
   5.700      2.56177E-01  1.30931E-01  5.18344E-02  2.31795E-01  1.74573E-01  8.61171E-02  1.81884E-01  1.92822E-01  1.14309E-01
   5.800      2.58870E-01  1.34628E-01  5.42333E-02  2.31300E-01  1.78323E-01  8.97006E-02  1.78287E-01  1.95499E-01  1.18500E-01
   5.900      2.61482E-01  1.38331E-01  5.66858E-02  2.30621E-01  1.81993E-01  9.33294E-02  1.74462E-01  1.97995E-01  1.22694E-01
   6.000      2.64013E-01  1.42037E-01  5.91910E-02  2.29760E-01  1.85580E-01  9.70000E-02  1.70414E-01  2.00305E-01  1.26883E-01
   6.100      2.66462E-01  1.45744E-01  6.17479E-02  2.28716E-01  1.89078E-01  1.00709E-01  1.66150E-01  2.02422E-01  1.31062E-01
   6.200      2.68829E-01  1.49449E-01  6.43557E-02  2.27492E-01  1.92482E-01  1.04451E-01  1.61673E-01  2.04342E-01  1.35221E-01
   6.300      2.71114E-01  1.53150E-01  6.70132E-02  2.26088E-01  1.95789E-01  1.08225E-01  1.56992E-01  2.06060E-01  1.39354E-01
   6.400      2.73316E-01  1.56845E-01  6.97192E-02  2.24507E-01  1.98993E-01  1.12024E-01  1.52111E-01  2.07570E-01  1.43454E-01
   6.500      2.75436E-01  1.60531E-01  7.24727E-02  2.22749E-01  2.02090E-01  1.15846E-01  1.47037E-01  2.08868E-01  1.47513E-01
   6.600      2.77473E-01  1.64206E-01  7.52724E-02  2.20817E-01  2.05076E-01  1.19685E-01  1.41778E-01  2.09950E-01  1.51524E-01
   6.700      2.79427E-01  1.67868E-01  7.81169E-02  2.18713E-01  2.07947E-01  1.23538E-01  1.36339E-01  2.10814E-01  1.55479E-01
   6.800      2.81298E-01  1.71515E-01  8.10051E-02  2.16438E-01  2.10698E-01  1.27401E-01  1.30729E-01  2.11454E-01  1.59371E-01
   6.900      2.83087E-01  1.75144E-01  8.39354E-02  2.13995E-01  2.13325E-01  1.31268E-01  1.24954E-01  2.11869E-01  1.63192E-01
   7.000      2.84792E-01  1.78753E-01  8.69064E-02  2.11387E-01  2.15826E-01  1.35136E-01  1.19021E-01  2.12055E-01  1.66935E-01
   7.100      2.86415E-01  1.82339E-01  8.99167E-02  2.08615E-01  2.18195E-01  1.39000E-01  1.12940E-01  2.12010E-01  1.70592E-01
   7.200      2.87955E-01  1.85902E-01  9.29647E-02  2.05682E-01  2.20431E-01  1.42854E-01  1.06717E-01  2.11733E-01  1.74156E-01
   7.300      2.89413E-01  1.89438E-01  9.60488E-02  2.02591E-01  2.22529E-01  1.46696E-01  1.00360E-01  2.11221E-01  1.77620E-01
   7.400      2.90789E-01  1.92946E-01  9.91674E-02  1.99345E-01  2.24486E-01  1.50519E-01  9.38779E-02  2.10474E-01  1.80976E-01
   7.500      2.92082E-01  1.96423E-01  1.02319E-01  1.95946E-01  2.26299E-01  1.54320E-01  8.72788E-02  2.09491E-01  1.84217E-01
   7.600      2.93294E-01  1.99868E-01  1.05501E-01  1.92398E-01  2.27966E-01  1.58093E-01  8.05711E-02  2.08270E-01  1.87337E-01
   7.700      2.94424E-01  2.03278E-01  1.08713E-01  1.88704E-01  2.29483E-01  1.61834E-01  7.37633E-02  2.06813E-01  1.90329E-01
   7.800      2.95473E-01  2.06652E-01  1.11953E-01  1.84867E-01  2.30849E-01  1.65538E-01  6.68640E-02  2.05120E-01  1.93185E-01
   7.900      2.96442E-01  2.09987E-01  1.15218E-01  1.80890E-01  2.32060E-01  1.69200E-01  5.98819E-02  2.03190E-01  1.95899E-01
   8.000      2.97330E-01  2.13282E-01  1.18508E-01  1.76776E-01  2.33115E-01  1.72816E-01  5.28258E-02  2.01025E-01  1.98465E-01
   8.100      2.98138E-01  2.16535E-01  1.21819E-01  1.72530E-01  2.34011E-01  1.76380E-01  4.57046E-02  1.98627E-01  2.00876E-01
   8.200      2.98867E-01  2.19744E-01  1.25151E-01  1.68155E-01  2.34748E-01  1.79889E-01  3.85271E-02  1.95997E-01  2.03127E-01
   8.300      2.99517E-01  2.22908E-01  1.28500E-01  1.63654E-01  2.35322E-01  1.83337E-01  3.13022E-02  1.93137E-01  2.05212E-01
   8.400      3.00088E-01  2.26024E-01  1.31867E-01  1.59032E-01  2.35732E-01  1.86720E-01  2.40390E-02  1.90050E-01  2.07124E-01
   8.500      3.00582E-01  2.29091E-01  1.35247E-01  1.54291E-01  2.35978E-01  1.90034E-01  1.67463E-02  1.86738E-01  2.08860E-01
   8.600      3.00998E-01  2.32107E-01  1.38640E-01  1.49437E-01  2.36058E-01  1.93273E-01  9.43322E-03  1.83205E-01  2.10413E-01
   8.700      3.01338E-01  2.35071E-01  1.42043E-01  1.44473E-01  2.35971E-01  1.96433E-01  2.10860E-03  1.79454E-01  2.11779E-01
   8.800      3.01603E-01  2.37982E-01  1.45455E-01  1.39402E-01  2.35716E-01  1.99510E-01 -5.21858E-03  1.75488E-01  2.12953E-01
   8.900      3.01792E-01  2.40837E-01  1.48873E-01  1.34229E-01  2.35292E-01  2.02499E-01 -1.25394E-02  1.71313E-01  2.13930E-01
   9.000      3.01906E-01  2.43635E-01  1.52295E-01  1.28959E-01  2.34700E-01  2.05397E-01 -1.98451E-02  1.66932E-01  2.14708E-01
   9.100      3.01947E-01  2.46376E-01  1.55719E-01  1.23595E-01  2.33939E-01  2.08198E-01 -2.71268E-02  1.62351E-01  2.15281E-01
   9.200      3.01915E-01  2.49057E-01  1.59143E-01  1.18142E-01  2.33008E-01  2.10899E-01 -3.43758E-02  1.57573E-01  2.15647E-01
   9.300      3.01811E-01  2.51677E-01  1.62566E-01  1.12603E-01  2.31908E-01  2.13496E-01 -4.15834E-02  1.52605E-01  2.15802E-01
   9.400      3.01636E-01  2.54236E-01  1.65984E-01  1.06983E-01  2.30640E-01  2.15984E-01 -4.87411E-02  1.47453E-01  2.15744E-01
   9.500      3.01390E-01  2.56731E-01  1.69396E-01  1.01287E-01  2.29202E-01  2.18361E-01 -5.58404E-02  1.42121E-01  2.15469E-01
   9.600      3.01075E-01  2.59163E-01  1.72801E-01  9.55188E-02  2.27597E-01  2.20621E-01 -6.28729E-02  1.36617E-01  2.14977E-01
   9.700      3.00692E-01  2.61529E-01  1.76195E-01  8.96826E-02  2.25825E-01  2.22762E-01 -6.98305E-02  1.30947E-01  2.14264E-01
   9.800      3.00240E-01  2.63828E-01  1.79576E-01  8.37830E-02  2.23887E-01  2.24781E-01 -7.67050E-02  1.25117E-01  2.13330E-01
   9.900      2.99723E-01  2.66061E-01  1.82944E-01  7.78243E-02  2.21784E-01  2.26672E-01 -8.34885E-02  1.19135E-01  2.12173E-01
  10.000      2.99139E-01  2.68225E-01  1.86295E-01  7.18111E-02  2.19516E-01  2.28435E-01 -9.01732E-02  1.13007E-01  2.10792E-01
  10.100      2.98490E-01  2.70320E-01  1.89627E-01  6.57476E-02  2.17087E-01  2.30064E-01 -9.67513E-02  1.06741E-01  2.09187E-01
  10.200      2.97778E-01  2.72345E-01  1.92939E-01  5.96385E-02  2.14496E-01  2.31558E-01 -1.03216E-01  1.00345E-01  2.07358E-01
  10.300      2.97004E-01  2.74299E-01  1.96229E-01  5.34880E-02  2.11747E-01  2.32913E-01 -1.09558E-01  9.38253E-02  2.05304E-01
  10.400      2.96167E-01  2.76183E-01  1.99495E-01  4.73006E-02  2.08840E-01  2.34127E-01 -1.15773E-01  8.71911E-02  2.03027E-01
  10.500      2.95270E-01  2.77994E-01  2.02734E-01  4.10807E-02  2.05778E-01  2.35197E-01 -1.21852E-01  8.04500E-02  2.00528E-01
  10.600      2.94314E-01  2.79732E-01  2.05944E-01  3.48327E-02  2.02563E-01  2.36120E-01 -1.27789E-01  7.36102E-02  1.97807E-01
  10.700      2.93299E-01  2.81398E-01  2.09125E-01  2.85610E-02  1.99197E-01  2.36895E-01 -1.33577E-01  6.66802E-02  1.94866E-01
  10.800      2.92227E-01  2.82989E-01  2.12273E-01  2.22699E-02  1.95683E-01  2.37520E-01 -1.39211E-01  5.96684E-02  1.91707E-01
  10.900      2.91099E-01  2.84507E-01  2.15388E-01  1.59638E-02  1.92023E-01  2.37992E-01 -1.44683E-01  5.25835E-02  1.88333E-01
  11.000      2.89915E-01  2.85950E-01  2.18466E-01  9.64703E-03  1.88221E-01  2.38309E-01 -1.49989E-01  4.54340E-02  1.84745E-01
  11.100      2.88678E-01  2.87318E-01  2.21507E-01  3.32378E-03  1.84278E-01  2.38471E-01 -1.55122E-01  3.82288E-02  1.80948E-01
  11.200      2.87388E-01  2.88611E-01  2.24509E-01 -3.00169E-03  1.80199E-01  2.38475E-01 -1.60077E-01  3.09768E-02  1.76944E-01
  11.300      2.86047E-01  2.89829E-01  2.27469E-01 -9.32517E-03  1.75985E-01  2.38320E-01 -1.64849E-01  2.36867E-02  1.72736E-01
  11.400      2.84655E-01  2.90971E-01  2.30386E-01 -1.56425E-02  1.71641E-01  2.38005E-01 -1.69432E-01  1.63677E-02  1.68330E-01
  11.500      2.83214E-01  2.92038E-01  2.33259E-01 -2.19496E-02  1.67169E-01  2.37530E-01 -1.73823E-01  9.02859E-03  1.63728E-01
  11.600      2.81725E-01  2.93029E-01  2.36086E-01 -2.82424E-02  1.62573E-01  2.36892E-01 -1.78017E-01  1.67844E-03  1.58936E-01
  11.700      2.80190E-01  2.93944E-01  2.38864E-01 -3.45169E-02  1.57857E-01  2.36093E-01 -1.82010E-01 -5.67377E-03  1.53959E-01
  11.800      2.78608E-01  2.94783E-01  2.41594E-01 -4.07691E-02  1.53024E-01  2.35131E-01 -1.85798E-01 -1.30190E-02  1.48801E-01
  11.900      2.76983E-01  2.95546E-01  2.44272E-01 -4.69952E-02  1.48078E-01  2.34006E-01 -1.89376E-01 -2.03484E-02  1.43468E-01
  12.000      2.75314E-01  2.96234E-01  2.46898E-01 -5.31913E-02  1.43022E-01  2.32718E-01 -1.92743E-01 -2.76529E-02  1.37966E-01
  12.100      2.73603E-01  2.96847E-01  2.49471E-01 -5.93536E-02  1.37862E-01  2.31266E-01 -1.95894E-01 -3.49238E-02  1.32301E-01
  12.200      2.71852E-01  2.97384E-01  2.51988E-01 -6.54785E-02  1.32599E-01  2.29652E-01 -1.98827E-01 -4.21520E-02  1.26479E-01
  12.300      2.70061E-01  2.97846E-01  2.54448E-01 -7.15622E-02  1.27239E-01  2.27876E-01 -2.01539E-01 -4.93290E-02  1.20507E-01
  12.400      2.68231E-01  2.98234E-01  2.56850E-01 -7.76014E-02  1.21786E-01  2.25938E-01 -2.04028E-01 -5.64461E-02  1.14391E-01
  12.500      2.66365E-01  2.98547E-01  2.59194E-01 -8.35923E-02  1.16244E-01  2.23839E-01 -2.06293E-01 -6.34946E-02  1.08138E-01
  12.600      2.64463E-01  2.98786E-01  2.61477E-01 -8.95317E-02  1.10617E-01  2.21580E-01 -2.08330E-01 -7.04661E-02  1.01756E-01
  12.700      2.62526E-01  2.98952E-01  2.63698E-01 -9.54162E-02  1.04910E-01  2.19162E-01 -2.10139E-01 -7.73523E-02  9.52518E-02
  12.800      2.60556E-01  2.99045E-01  2.65857E-01 -1.01243E-01  9.91260E-02  2.16586E-01 -2.11719E-01 -8.41450E-02  8.86329E-02
  12.900      2.58553E-01  2.99065E-01  2.67952E-01 -1.07008E-01  9.32703E-02  2.13853E-01 -2.13069E-01 -9.08361E-02  8.19073E-02
  13.000      2.56520E-01  2.99013E-01  2.69982E-01 -1.12708E-01  8.73472E-02  2.10966E-01 -2.14187E-01 -9.74178E-02  7.50829E-02
  13.100      2.54457E-01  2.98890E-01  2.71947E-01 -1.18341E-01  8.13610E-02  2.07926E-01 -2.15074E-01 -1.03882E-01  6.81678E-02
  13.200      2.52365E-01  2.98696E-01  2.73845E-01 -1.23904E-01  7.53164E-02  2.04734E-01 -2.15729E-01 -1.10222E-01  6.11702E-02
  13.300      2.50246E-01  2.98432E-01  2.75675E-01 -1.29394E-01  6.92177E-02  2.01394E-01 -2.16153E-01 -1.16429E-01  5.40986E-02
  13.400      2.48101E-01  2.98098E-01  2.77438E-01 -1.34807E-01  6.30696E-02  1.97906E-01 -2.16346E-01 -1.22497E-01  4.69614E-02
  13.500      2.45931E-01  2.97696E-01  2.79131E-01 -1.40142E-01  5.68765E-02  1.94273E-01 -2.16308E-01 -1.28419E-01  3.97672E-02
  13.600      2.43737E-01  2.97225E-01  2.80754E-01 -1.45396E-01  5.06430E-02  1.90499E-01 -2.16041E-01 -1.34187E-01  3.25247E-02
  13.700      2.41520E-01  2.96688E-01  2.82307E-01 -1.50566E-01  4.43736E-02  1.86584E-01 -2.15545E-01 -1.39796E-01  2.52426E-02
  13.800      2.39282E-01  2.96084E-01  2.83789E-01 -1.55651E-01  3.80729E-02  1.82533E-01 -2.14822E-01 -1.45238E-01  1.79299E-02
  13.900      2.37024E-01  2.95415E-01  2.85200E-01 -1.60647E-01  3.17454E-02  1.78348E-01 -2.13874E-01 -1.50508E-01  1.05953E-02
  14.000      2.34746E-01  2.94681E-01  2.86538E-01 -1.65552E-01  2.53956E-02  1.74031E-01 -2.12702E-01 -1.55601E-01  3.24787E-03
  14.100      2.32451E-01  2.93884E-01  2.87804E-01 -1.70365E-01  1.90281E-02  1.69587E-01 -2.11308E-01 -1.60509E-01 -4.10353E-03
  14.200      2.30139E-01  2.93024E-01  2.88997E-01 -1.75084E-01  1.26474E-02  1.65018E-01 -2.09695E-01 -1.65229E-01 -1.14499E-02
  14.300      2.27810E-01  2.92103E-01  2.90117E-01 -1.79706E-01  6.25793E-03  1.60327E-01 -2.07866E-01 -1.69754E-01 -1.87824E-02
  14.400      2.25468E-01  2.91120E-01  2.91163E-01 -1.84229E-01 -1.35873E-04  1.55518E-01 -2.05823E-01 -1.74080E-01 -2.60920E-02
  14.500      2.23111E-01  2.90078E-01  2.92136E-01 -1.88653E-01 -6.52959E-03  1.50596E-01 -2.03569E-01 -1.78203E-01 -3.33698E-02
  14.600      2.20742E-01  2.88978E-01  2.93035E-01 -1.92975E-01 -1.29188E-02  1.45562E-01 -2.01107E-01 -1.82118E-01 -4.06070E-02
  14.700      2.18362E-01  2.87820E-01  2.93859E-01 -1.97194E-01 -1.92993E-02  1.40421E-01 -1.98440E-01 -1.85821E-01 -4.77947E-02
  14.800      2.15971E-01  2.86605E-01  2.94610E-01 -2.01309E-01 -2.56666E-02  1.35177E-01 -1.95573E-01 -1.89308E-01 -5.49243E-02
  14.900      2.13571E-01  2.85335E-01  2.95286E-01 -2.05318E-01 -3.20167E-02  1.29834E-01 -1.92508E-01 -1.92576E-01 -6.19871E-02
  15.000      2.11163E-01  2.84011E-01  2.95888E-01 -2.09220E-01 -3.83452E-02  1.24396E-01 -1.89251E-01 -1.95621E-01 -6.89745E-02
  15.100      2.08747E-01  2.82634E-01  2.96416E-01 -2.13013E-01 -4.46480E-02  1.18867E-01 -1.85804E-01 -1.98442E-01 -7.58781E-02
  15.200      2.06325E-01  2.81204E-01  2.96871E-01 -2.16698E-01 -5.09211E-02  1.13250E-01 -1.82172E-01 -2.01034E-01 -8.26896E-02
  15.300      2.03898E-01  2.79725E-01  2.97251E-01 -2.20272E-01 -5.71605E-02  1.07551E-01 -1.78360E-01 -2.03396E-01 -8.94008E-02
  15.400      2.01467E-01  2.78195E-01  2.97558E-01 -2.23736E-01 -6.33622E-02  1.01774E-01 -1.74372E-01 -2.05526E-01 -9.60036E-02
  15.500      1.99032E-01  2.76617E-01  2.97792E-01 -2.27087E-01 -6.95223E-02  9.59217E-02 -1.70213E-01 -2.07422E-01 -1.02490E-01
  15.600      1.96594E-01  2.74993E-01  2.97953E-01 -2.30327E-01 -7.56370E-02  9.00001E-02 -1.65888E-01 -2.09083E-01 -1.08853E-01
  15.700      1.94155E-01  2.73322E-01  2.98041E-01 -2.33453E-01 -8.17026E-02  8.40132E-02 -1.61401E-01 -2.10507E-01 -1.15084E-01
  15.800      1.91715E-01  2.71606E-01  2.98057E-01 -2.36466E-01 -8.77155E-02  7.79654E-02 -1.56758E-01 -2.11694E-01 -1.21176E-01
  15.900      1.89276E-01  2.69848E-01  2.98001E-01 -2.39366E-01 -9.36721E-02  7.18613E-02 -1.51964E-01 -2.12642E-01 -1.27122E-01
  16.000      1.86838E-01  2.68047E-01  2.97874E-01 -2.42151E-01 -9.95688E-02  6.57053E-02 -1.47025E-01 -2.13352E-01 -1.32915E-01
  16.100      1.84401E-01  2.66205E-01  2.97676E-01 -2.44822E-01 -1.05402E-01  5.95019E-02 -1.41945E-01 -2.13824E-01 -1.38548E-01
  16.200      1.81968E-01  2.64323E-01  2.97408E-01 -2.47379E-01 -1.11169E-01  5.32559E-02 -1.36730E-01 -2.14058E-01 -1.44015E-01
  16.300      1.79538E-01  2.62404E-01  2.97070E-01 -2.49821E-01 -1.16867E-01  4.69717E-02 -1.31386E-01 -2.14054E-01 -1.49310E-01
  16.400      1.77112E-01  2.60447E-01  2.96664E-01 -2.52149E-01 -1.22491E-01  4.06540E-02 -1.25918E-01 -2.13813E-01 -1.54425E-01
  16.500      1.74692E-01  2.58454E-01  2.96189E-01 -2.54363E-01 -1.28039E-01  3.43072E-02 -1.20333E-01 -2.13337E-01 -1.59357E-01
  16.600      1.72278E-01  2.56427E-01  2.95647E-01 -2.56462E-01 -1.33509E-01  2.79362E-02 -1.14636E-01 -2.12627E-01 -1.64098E-01
  16.700      1.69870E-01  2.54366E-01  2.95038E-01 -2.58448E-01 -1.38897E-01  2.15453E-02 -1.08832E-01 -2.11683E-01 -1.68644E-01
  16.800      1.67470E-01  2.52274E-01  2.94363E-01 -2.60321E-01 -1.44200E-01  1.51393E-02 -1.02929E-01 -2.10509E-01 -1.72989E-01
  16.900      1.65078E-01  2.50151E-01  2.93623E-01 -2.62081E-01 -1.49417E-01  8.72255E-03 -9.69308E-02 -2.09107E-01 -1.77130E-01
  17.000      1.62695E-01  2.47998E-01  2.92819E-01 -2.63728E-01 -1.54543E-01  2.29972E-03 -9.08446E-02 -2.07478E-01 -1.81060E-01
  17.100      1.60321E-01  2.45818E-01  2.91952E-01 -2.65263E-01 -1.59578E-01 -4.12472E-03 -8.46761E-02 -2.05625E-01 -1.84777E-01
  17.200      1.57958E-01  2.43610E-01  2.91022E-01 -2.66688E-01 -1.64518E-01 -1.05463E-02 -7.84312E-02 -2.03551E-01 -1.88277E-01
  17.300      1.55605E-01  2.41377E-01  2.90031E-01 -2.68002E-01 -1.69362E-01 -1.69606E-02 -7.21160E-02 -2.01260E-01 -1.91554E-01
  17.400      1.53264E-01  2.39120E-01  2.88979E-01 -2.69207E-01 -1.74107E-01 -2.33631E-02 -6.57366E-02 -1.98754E-01 -1.94608E-01
  17.500      1.50935E-01  2.36839E-01  2.87868E-01 -2.70302E-01 -1.78751E-01 -2.97496E-02 -5.92989E-02 -1.96037E-01 -1.97433E-01
  17.600      1.48618E-01  2.34537E-01  2.86698E-01 -2.71290E-01 -1.83292E-01 -3.61157E-02 -5.28089E-02 -1.93114E-01 -2.00028E-01
  17.700      1.46315E-01  2.32214E-01  2.85471E-01 -2.72171E-01 -1.87729E-01 -4.24571E-02 -4.62727E-02 -1.89986E-01 -2.02390E-01
  17.800      1.44025E-01  2.29871E-01  2.84188E-01 -2.72947E-01 -1.92059E-01 -4.87698E-02 -3.96962E-02 -1.86660E-01 -2.04516E-01
  17.900      1.41750E-01  2.27511E-01  2.82850E-01 -2.73618E-01 -1.96282E-01 -5.50494E-02 -3.30853E-02 -1.83139E-01 -2.06406E-01
  18.000      1.39489E-01  2.25133E-01  2.81458E-01 -2.74185E-01 -2.00395E-01 -6.12920E-02 -2.64459E-02 -1.79427E-01 -2.08058E-01
  18.100      1.37244E-01  2.22740E-01  2.80013E-01 -2.74650E-01 -2.04398E-01 -6.74935E-02 -1.97839E-02 -1.75530E-01 -2.09469E-01
  18.200      1.35014E-01  2.20332E-01  2.78516E-01 -2.75014E-01 -2.08289E-01 -7.36499E-02 -1.31051E-02 -1.71452E-01 -2.10640E-01
  18.300      1.32801E-01  2.17910E-01  2.76969E-01 -2.75279E-01 -2.12066E-01 -7.97576E-02 -6.41520E-03 -1.67198E-01 -2.11569E-01
  18.400      1.30604E-01  2.15477E-01  2.75372E-01 -2.75445E-01 -2.15730E-01 -8.58125E-02  2.80090E-04 -1.62774E-01 -2.12257E-01
  18.500      1.28424E-01  2.13032E-01  2.73727E-01 -2.75514E-01 -2.19278E-01 -9.18111E-02  6.97515E-03 -1.58184E-01 -2.12703E-01
  18.600      1.26262E-01  2.10577E-01  2.72036E-01 -2.75488E-01 -2.22710E-01 -9.77497E-02  1.36644E-02 -1.53434E-01 -2.12907E-01
  18.700      1.24118E-01  2.08114E-01  2.70299E-01 -2.75368E-01 -2.26025E-01 -1.03625E-01  2.03425E-02 -1.48529E-01 -2.12870E-01
  18.800      1.21991E-01  2.05643E-01  2.68518E-01 -2.75155E-01 -2.29223E-01 -1.09433E-01  2.70039E-02 -1.43476E-01 -2.12593E-01
  18.900      1.19884E-01  2.03165E-01  2.66693E-01 -2.74852E-01 -2.32303E-01 -1.15171E-01  3.36434E-02 -1.38280E-01 -2.12077E-01
  19.000      1.17795E-01  2.00681E-01  2.64827E-01 -2.74459E-01 -2.35265E-01 -1.20835E-01  4.02557E-02 -1.32946E-01 -2.11323E-01
  19.100      1.15726E-01  1.98193E-01  2.62920E-01 -2.73979E-01 -2.38108E-01 -1.26422E-01  4.68358E-02 -1.27482E-01 -2.10333E-01
  19.200      1.13676E-01  1.95702E-01  2.60974E-01 -2.73413E-01 -2.40831E-01 -1.31930E-01  5.33786E-02 -1.21892E-01 -2.09108E-01
  19.300      1.11646E-01  1.93208E-01  2.58990E-01 -2.72762E-01 -2.43436E-01 -1.37355E-01  5.98792E-02 -1.16183E-01 -2.07651E-01
  19.400      1.09635E-01  1.90712E-01  2.56970E-01 -2.72029E-01 -2.45921E-01 -1.42694E-01  6.63328E-02 -1.10361E-01 -2.05965E-01
  19.500      1.07646E-01  1.88216E-01  2.54914E-01 -2.71216E-01 -2.48287E-01 -1.47944E-01  7.27348E-02 -1.04432E-01 -2.04052E-01
  19.600      1.05677E-01  1.85721E-01  2.52824E-01 -2.70323E-01 -2.50534E-01 -1.53104E-01  7.90805E-02 -9.84024E-02 -2.01914E-01
  19.700      1.03728E-01  1.83227E-01  2.50702E-01 -2.69354E-01 -2.52662E-01 -1.58170E-01  8.53654E-02 -9.22789E-02 -1.99556E-01
  19.800      1.01801E-01  1.80735E-01  2.48548E-01 -2.68308E-01 -2.54671E-01 -1.63140E-01  9.15854E-02 -8.60676E-02 -1.96980E-01
  19.900      9.98949E-02  1.78247E-01  2.46364E-01 -2.67190E-01 -2.56563E-01 -1.68011E-01  9.77361E-02 -7.97748E-02 -1.94191E-01
  20.000      9.80103E-02  1.75763E-01  2.44151E-01 -2.66000E-01 -2.58336E-01 -1.72782E-01  1.03813E-01 -7.34070E-02 -1.91191E-01
  20.100      9.61471E-02  1.73284E-01  2.41911E-01 -2.64740E-01 -2.59992E-01 -1.77450E-01  1.09813E-01 -6.69704E-02 -1.87986E-01
  20.200      9.43057E-02  1.70811E-01  2.39645E-01 -2.63412E-01 -2.61532E-01 -1.82013E-01  1.15732E-01 -6.04715E-02 -1.84579E-01
  20.300      9.24861E-02  1.68344E-01  2.37354E-01 -2.62017E-01 -2.62956E-01 -1.86470E-01  1.21566E-01 -5.39167E-02 -1.80974E-01
  20.400      9.06885E-02  1.65886E-01  2.35039E-01 -2.60559E-01 -2.64265E-01 -1.90818E-01  1.27312E-01 -4.73122E-02 -1.77177E-01
  20.500      8.89130E-02  1.63435E-01  2.32702E-01 -2.59039E-01 -2.65460E-01 -1.95056E-01  1.32966E-01 -4.06645E-02 -1.73193E-01
  20.600      8.71597E-02  1.60994E-01  2.30344E-01 -2.57458E-01 -2.66541E-01 -1.99182E-01  1.38524E-01 -3.39798E-02 -1.69025E-01
  20.700      8.54286E-02  1.58562E-01  2.27967E-01 -2.55819E-01 -2.67510E-01 -2.03195E-01  1.43985E-01 -2.72644E-02 -1.64680E-01
  20.800      8.37198E-02  1.56141E-01  2.25571E-01 -2.54123E-01 -2.68368E-01 -2.07094E-01  1.49344E-01 -2.05245E-02 -1.60163E-01
  20.900      8.20334E-02  1.53732E-01  2.23157E-01 -2.52373E-01 -2.69116E-01 -2.10877E-01  1.54599E-01 -1.37663E-02 -1.55479E-01
  21.000      8.03695E-02  1.51334E-01  2.20728E-01 -2.50569E-01 -2.69756E-01 -2.14543E-01  1.59747E-01 -6.99589E-03 -1.50634E-01
  21.100      7.87280E-02  1.48949E-01  2.18284E-01 -2.48716E-01 -2.70287E-01 -2.18092E-01  1.64786E-01 -2.19305E-04 -1.45634E-01
  21.200      7.71091E-02  1.46577E-01  2.15826E-01 -2.46813E-01 -2.70713E-01 -2.21522E-01  1.69713E-01  6.55748E-03 -1.40484E-01
  21.300      7.55126E-02  1.44220E-01  2.13357E-01 -2.44863E-01 -2.71034E-01 -2.24832E-01  1.74526E-01  1.33286E-02 -1.35191E-01
  21.400      7.39386E-02  1.41877E-01  2.10876E-01 -2.42868E-01 -2.71251E-01 -2.28022E-01  1.79222E-01  2.00881E-02 -1.29760E-01
  21.500      7.23872E-02  1.39549E-01  2.08385E-01 -2.40829E-01 -2.71366E-01 -2.31091E-01  1.83800E-01  2.68305E-02 -1.24198E-01
  21.600      7.08582E-02  1.37236E-01  2.05885E-01 -2.38750E-01 -2.71382E-01 -2.34039E-01  1.88257E-01  3.35500E-02 -1.18511E-01
  21.700      6.93516E-02  1.34940E-01  2.03378E-01 -2.36631E-01 -2.71298E-01 -2.36866E-01  1.92593E-01  4.02411E-02 -1.12705E-01
  21.800      6.78675E-02  1.32661E-01  2.00864E-01 -2.34474E-01 -2.71117E-01 -2.39571E-01  1.96805E-01  4.68984E-02 -1.06787E-01
  21.900      6.64057E-02  1.30399E-01  1.98345E-01 -2.32281E-01 -2.70841E-01 -2.42154E-01  2.00892E-01  5.35165E-02 -1.00763E-01
  22.000      6.49662E-02  1.28155E-01  1.95822E-01 -2.30054E-01 -2.70471E-01 -2.44615E-01  2.04853E-01  6.00904E-02 -9.46390E-02
  22.100      6.35489E-02  1.25929E-01  1.93295E-01 -2.27795E-01 -2.70009E-01 -2.46953E-01  2.08686E-01  6.66148E-02 -8.84227E-02
  22.200      6.21538E-02  1.23722E-01  1.90766E-01 -2.25505E-01 -2.69457E-01 -2.49170E-01  2.12391E-01  7.30848E-02 -8.21201E-02
  22.300      6.07808E-02  1.21534E-01  1.88236E-01 -2.23187E-01 -2.68816E-01 -2.51266E-01  2.15966E-01  7.94957E-02 -7.57378E-02
  22.400      5.94297E-02  1.19365E-01  1.85706E-01 -2.20842E-01 -2.68089E-01 -2.53240E-01  2.19411E-01  8.58426E-02 -6.92824E-02
  22.500      5.81005E-02  1.17216E-01  1.83178E-01 -2.18471E-01 -2.67277E-01 -2.55093E-01  2.22725E-01  9.21209E-02 -6.27605E-02
  22.600      5.67930E-02  1.15088E-01  1.80651E-01 -2.16077E-01 -2.66382E-01 -2.56826E-01  2.25907E-01  9.83264E-02 -5.61787E-02
  22.700      5.55072E-02  1.12980E-01  1.78127E-01 -2.13661E-01 -2.65407E-01 -2.58439E-01  2.28958E-01  1.04455E-01 -4.95437E-02
  22.800      5.42429E-02  1.10893E-01  1.75606E-01 -2.11224E-01 -2.64353E-01 -2.59933E-01  2.31876E-01  1.10501E-01 -4.28619E-02
  22.900      5.30000E-02  1.08827E-01  1.73091E-01 -2.08769E-01 -2.63222E-01 -2.61309E-01  2.34662E-01  1.16463E-01 -3.61399E-02
  23.000      5.17783E-02  1.06783E-01  1.70581E-01 -2.06297E-01 -2.62016E-01 -2.62568E-01  2.37316E-01  1.22335E-01 -2.93842E-02
  23.100      5.05778E-02  1.04760E-01  1.68078E-01 -2.03810E-01 -2.60737E-01 -2.63710E-01  2.39838E-01  1.28114E-01 -2.26014E-02
  23.200      4.93981E-02  1.02760E-01  1.65582E-01 -2.01309E-01 -2.59387E-01 -2.64736E-01  2.42227E-01  1.33796E-01 -1.57977E-02
  23.300      4.82393E-02  1.00782E-01  1.63095E-01 -1.98795E-01 -2.57969E-01 -2.65648E-01  2.44485E-01  1.39378E-01 -8.97953E-03
  23.400      4.71012E-02  9.88265E-02  1.60617E-01 -1.96270E-01 -2.56483E-01 -2.66447E-01  2.46612E-01  1.44858E-01 -2.15322E-03
  23.500      4.59834E-02  9.68937E-02  1.58148E-01 -1.93737E-01 -2.54933E-01 -2.67133E-01  2.48608E-01  1.50230E-01  4.67504E-03
  23.600      4.48860E-02  9.49837E-02  1.55691E-01 -1.91195E-01 -2.53320E-01 -2.67709E-01  2.50473E-01  1.55493E-01  1.14991E-02
  23.700      4.38087E-02  9.30969E-02  1.53245E-01 -1.88646E-01 -2.51647E-01 -2.68175E-01  2.52210E-01  1.60644E-01  1.83129E-02
  23.800      4.27514E-02  9.12333E-02  1.50811E-01 -1.86093E-01 -2.49915E-01 -2.68534E-01  2.53818E-01  1.65680E-01  2.51106E-02
  23.900      4.17138E-02  8.93930E-02  1.48389E-01 -1.83536E-01 -2.48126E-01 -2.68785E-01  2.55298E-01  1.70599E-01  3.18861E-02
  24.000      4.06958E-02  8.75762E-02  1.45982E-01 -1.80976E-01 -2.46283E-01 -2.68932E-01  2.56651E-01  1.75398E-01  3.86339E-02
  24.100      3.96971E-02  8.57831E-02  1.43589E-01 -1.78415E-01 -2.44387E-01 -2.68975E-01  2.57880E-01  1.80075E-01  4.53481E-02
  24.200      3.87176E-02  8.40136E-02  1.41210E-01 -1.75854E-01 -2.42441E-01 -2.68917E-01  2.58984E-01  1.84628E-01  5.20233E-02
  24.300      3.77571E-02  8.22679E-02  1.38848E-01 -1.73295E-01 -2.40447E-01 -2.68758E-01  2.59965E-01  1.89055E-01  5.86541E-02
  24.400      3.68153E-02  8.05460E-02  1.36501E-01 -1.70738E-01 -2.38406E-01 -2.68501E-01  2.60824E-01  1.93354E-01  6.52350E-02
  24.500      3.58921E-02  7.88480E-02  1.34171E-01 -1.68184E-01 -2.36321E-01 -2.68147E-01  2.61563E-01  1.97525E-01  7.17611E-02
  24.600      3.49872E-02  7.71739E-02  1.31858E-01 -1.65636E-01 -2.34194E-01 -2.67699E-01  2.62184E-01  2.01564E-01  7.82272E-02
  24.700      3.41005E-02  7.55238E-02  1.29563E-01 -1.63093E-01 -2.32026E-01 -2.67157E-01  2.62687E-01  2.05472E-01  8.46283E-02
  24.800      3.32317E-02  7.38976E-02  1.27287E-01 -1.60558E-01 -2.29820E-01 -2.66525E-01  2.63076E-01  2.09247E-01  9.09598E-02
  24.900      3.23806E-02  7.22954E-02  1.25029E-01 -1.58030E-01 -2.27578E-01 -2.65803E-01  2.63350E-01  2.12887E-01  9.72171E-02
  25.000      3.15470E-02  7.07170E-02  1.22791E-01 -1.55512E-01 -2.25301E-01 -2.64994E-01  2.63513E-01  2.16393E-01  1.03396E-01
  25.100      3.07307E-02  6.91626E-02  1.20572E-01 -1.53004E-01 -2.22992E-01 -2.64100E-01  2.63565E-01  2.19763E-01  1.09491E-01
  25.200      2.99313E-02  6.76321E-02  1.18374E-01 -1.50507E-01 -2.20652E-01 -2.63123E-01  2.63510E-01  2.22997E-01  1.15499E-01
  25.300      2.91488E-02  6.61253E-02  1.16196E-01 -1.48022E-01 -2.18283E-01 -2.62064E-01  2.63348E-01  2.26094E-01  1.21416E-01
  25.400      2.83829E-02  6.46423E-02  1.14039E-01 -1.45549E-01 -2.15887E-01 -2.60927E-01  2.63082E-01  2.29054E-01  1.27237E-01
  25.500      2.76334E-02  6.31830E-02  1.11903E-01 -1.43091E-01 -2.13466E-01 -2.59712E-01  2.62714E-01  2.31878E-01  1.32960E-01
  25.600      2.69000E-02  6.17473E-02  1.09789E-01 -1.40646E-01 -2.11022E-01 -2.58422E-01  2.62246E-01  2.34564E-01  1.38580E-01
  25.700      2.61825E-02  6.03351E-02  1.07697E-01 -1.38218E-01 -2.08557E-01 -2.57060E-01  2.61680E-01  2.37113E-01  1.44094E-01
  25.800      2.54807E-02  5.89463E-02  1.05628E-01 -1.35805E-01 -2.06072E-01 -2.55627E-01  2.61018E-01  2.39526E-01  1.49499E-01
  25.900      2.47943E-02  5.75808E-02  1.03581E-01 -1.33409E-01 -2.03569E-01 -2.54125E-01  2.60263E-01  2.41801E-01  1.54792E-01
  26.000      2.41232E-02  5.62385E-02  1.01557E-01 -1.31030E-01 -2.01049E-01 -2.52557E-01  2.59416E-01  2.43941E-01  1.59969E-01
  26.100      2.34670E-02  5.49192E-02  9.95557E-02 -1.28670E-01 -1.98515E-01 -2.50924E-01  2.58480E-01  2.45946E-01  1.65029E-01
  26.200      2.28256E-02  5.36228E-02  9.75781E-02 -1.26329E-01 -1.95968E-01 -2.49230E-01  2.57458E-01  2.47816E-01  1.69968E-01
  26.300      2.21987E-02  5.23492E-02  9.56240E-02 -1.24007E-01 -1.93410E-01 -2.47475E-01  2.56351E-01  2.49552E-01  1.74785E-01
  26.400      2.15862E-02  5.10981E-02  9.36938E-02 -1.21705E-01 -1.90842E-01 -2.45662E-01  2.55161E-01  2.51155E-01  1.79476E-01
  26.500      2.09877E-02  4.98696E-02  9.17874E-02 -1.19424E-01 -1.88266E-01 -2.43794E-01  2.53892E-01  2.52626E-01  1.84040E-01
  26.600      2.04030E-02  4.86633E-02  8.99052E-02 -1.17164E-01 -1.85683E-01 -2.41872E-01  2.52546E-01  2.53967E-01  1.88474E-01
  26.700      1.98320E-02  4.74791E-02  8.80472E-02 -1.14926E-01 -1.83095E-01 -2.39899E-01  2.51124E-01  2.55177E-01  1.92778E-01
  26.800      1.92743E-02  4.63169E-02  8.62136E-02 -1.12710E-01 -1.80503E-01 -2.37876E-01  2.49630E-01  2.56260E-01  1.96949E-01
  26.900      1.87298E-02  4.51764E-02  8.44045E-02 -1.10516E-01 -1.77908E-01 -2.35806E-01  2.48065E-01  2.57215E-01  2.00986E-01
  27.000      1.81983E-02  4.40575E-02  8.26199E-02 -1.08345E-01 -1.75313E-01 -2.33691E-01  2.46432E-01  2.58045E-01  2.04888E-01
  27.100      1.76794E-02  4.29599E-02  8.08600E-02 -1.06198E-01 -1.72718E-01 -2.31533E-01  2.44733E-01  2.58751E-01  2.08653E-01
  27.200      1.71730E-02  4.18834E-02  7.91248E-02 -1.04075E-01 -1.70125E-01 -2.29334E-01  2.42971E-01  2.59335E-01  2.12281E-01
  27.300      1.66790E-02  4.08279E-02  7.74144E-02 -1.01975E-01 -1.67535E-01 -2.27097E-01  2.41149E-01  2.59798E-01  2.15770E-01
  27.400      1.61969E-02  3.97932E-02  7.57287E-02 -9.99006E-02 -1.64949E-01 -2.24822E-01  2.39268E-01  2.60143E-01  2.19120E-01
  27.500      1.57267E-02  3.87789E-02  7.40679E-02 -9.78505E-02 -1.62369E-01 -2.22513E-01  2.37330E-01  2.60371E-01  2.22331E-01
  27.600      1.52681E-02  3.77850E-02  7.24319E-02 -9.58254E-02 -1.59795E-01 -2.20170E-01  2.35339E-01  2.60484E-01  2.25401E-01
  27.700      1.48208E-02  3.68111E-02  7.08207E-02 -9.38256E-02 -1.57229E-01 -2.17797E-01  2.33297E-01  2.60483E-01  2.28331E-01
  27.800      1.43848E-02  3.58570E-02  6.92342E-02 -9.18512E-02 -1.54672E-01 -2.15396E-01  2.31205E-01  2.60372E-01  2.31121E-01
  27.900      1.39597E-02  3.49226E-02  6.76726E-02 -8.99026E-02 -1.52125E-01 -2.12967E-01  2.29066E-01  2.60153E-01  2.33771E-01
  28.000      1.35454E-02  3.40076E-02  6.61356E-02 -8.79799E-02 -1.49589E-01 -2.10513E-01  2.26883E-01  2.59826E-01  2.36280E-01
  28.100      1.31416E-02  3.31116E-02  6.46232E-02 -8.60832E-02 -1.47065E-01 -2.08036E-01  2.24658E-01  2.59395E-01  2.38650E-01
  28.200      1.27482E-02  3.22346E-02  6.31355E-02 -8.42127E-02 -1.44554E-01 -2.05538E-01  2.22392E-01  2.58862E-01  2.40880E-01
  28.300      1.23649E-02  3.13763E-02  6.16722E-02 -8.23685E-02 -1.42057E-01 -2.03021E-01  2.20089E-01  2.58229E-01  2.42971E-01
  28.400      1.19915E-02  3.05363E-02  6.02333E-02 -8.05507E-02 -1.39574E-01 -2.00485E-01  2.17750E-01  2.57498E-01  2.44923E-01
  28.500      1.16278E-02  2.97145E-02  5.88187E-02 -7.87594E-02 -1.37108E-01 -1.97934E-01  2.15378E-01  2.56672E-01  2.46739E-01
  28.600      1.12737E-02  2.89107E-02  5.74283E-02 -7.69947E-02 -1.34658E-01 -1.95369E-01  2.12975E-01  2.55754E-01  2.48417E-01
  28.700      1.09289E-02  2.81245E-02  5.60619E-02 -7.52565E-02 -1.32225E-01 -1.92792E-01  2.10542E-01  2.54744E-01  2.49960E-01
  28.800      1.05932E-02  2.73557E-02  5.47194E-02 -7.35450E-02 -1.29810E-01 -1.90203E-01  2.08082E-01  2.53647E-01  2.51369E-01
  28.900      1.02665E-02  2.66041E-02  5.34007E-02 -7.18601E-02 -1.27415E-01 -1.87606E-01  2.05597E-01  2.52464E-01  2.52644E-01
  29.000      9.94859E-03  2.58693E-02  5.21057E-02 -7.02018E-02 -1.25038E-01 -1.85001E-01  2.03089E-01  2.51199E-01  2.53787E-01
  29.100      9.63921E-03  2.51513E-02  5.08341E-02 -6.85702E-02 -1.22682E-01 -1.82390E-01  2.00561E-01  2.49852E-01  2.54799E-01
  29.200      9.33822E-03  2.44497E-02  4.95858E-02 -6.69651E-02 -1.20347E-01 -1.79775E-01  1.98013E-01  2.48427E-01  2.55683E-01
  29.300      9.04542E-03  2.37642E-02  4.83606E-02 -6.53865E-02 -1.18033E-01 -1.77156E-01  1.95448E-01  2.46927E-01  2.56439E-01
  29.400      8.76065E-03  2.30946E-02  4.71584E-02 -6.38343E-02 -1.15741E-01 -1.74537E-01  1.92867E-01  2.45354E-01  2.57069E-01
  29.500      8.48372E-03  2.24406E-02  4.59789E-02 -6.23085E-02 -1.13472E-01 -1.71917E-01  1.90274E-01  2.43710E-01  2.57576E-01
  29.600      8.21446E-03  2.18020E-02  4.48219E-02 -6.08090E-02 -1.11226E-01 -1.69299E-01  1.87669E-01  2.41999E-01  2.57960E-01
  29.700      7.95270E-03  2.11786E-02  4.36873E-02 -5.93356E-02 -1.09003E-01 -1.66683E-01  1.85053E-01  2.40221E-01  2.58224E-01
  29.800      7.69826E-03  2.05700E-02  4.25748E-02 -5.78883E-02 -1.06805E-01 -1.64072E-01  1.82430E-01  2.38381E-01  2.58369E-01
  29.900      7.45098E-03  1.99761E-02  4.14843E-02 -5.64669E-02 -1.04630E-01 -1.61466E-01  1.79801E-01  2.36480E-01  2.58399E-01
  30.000      7.21070E-03  1.93966E-02  4.04154E-02 -5.50712E-02 -1.02481E-01 -1.58866E-01  1.77167E-01  2.34522E-01  2.58314E-01
